8782T!	1.0	1.0	1.0	1.0	5.0
23403G	4.0	4.0	4.0	4.0	2.0
28881A	4.0	4.0	4.0	4.0	2.0
28882A	4.0	4.0	4.0	4.0	2.0
23012A	4.0	4.0	4.0	4.0	2.0
22992A	4.0	4.0	4.0	4.0	2.0
23063T	4.0	4.0	4.0	4.0	2.0
18877T	4.0	4.0	4.0	4.0	2.0
8782T	5.0	5.0	5.0	5.0	1.0
28144C	5.0	5.0	5.0	5.0	1.0
14408T	5.0	5.0	5.0	5.0	1.0
22227T	5.0	5.0	5.0	5.0	1.0
28932T	5.0	5.0	5.0	5.0	1.0
29645T	5.0	5.0	5.0	5.0	1.0
10667G	5.0	5.0	5.0	5.0	1.0
11824T	5.0	5.0	5.0	5.0	1.0
28628T	5.0	5.0	5.0	5.0	1.0
1163T	5.0	5.0	5.0	5.0	1.0
7540C	5.0	5.0	5.0	5.0	1.0
16647T	5.0	5.0	5.0	5.0	1.0
18555T	5.0	5.0	5.0	5.0	1.0
23401A	5.0	5.0	5.0	5.0	1.0
4002T	5.0	5.0	5.0	5.0	1.0
10097A	5.0	5.0	5.0	5.0	1.0
13536T	5.0	5.0	5.0	5.0	1.0
23731T	5.0	5.0	5.0	5.0	1.0
8782C	5.0	5.0	5.0	5.0	1.0
14676T	5.0	5.0	5.0	5.0	1.0
26735T	5.0	5.0	5.0	5.0	1.0
28854T	5.0	5.0	5.0	5.0	1.0
25563T	5.0	5.0	5.0	5.0	1.0
1059T	5.0	5.0	5.0	5.0	1.0
10319T	5.0	5.0	5.0	5.0	1.0
18424G	5.0	5.0	5.0	5.0	1.0
21304T	5.0	5.0	5.0	5.0	1.0
25907T	5.0	5.0	5.0	5.0	1.0
27964T	5.0	5.0	5.0	5.0	1.0
28472T	5.0	5.0	5.0	5.0	1.0
28869T	5.0	5.0	5.0	5.0	1.0
11417T	5.0	5.0	5.0	5.0	1.0
12850G	5.0	5.0	5.0	5.0	1.0
21364T	5.0	5.0	5.0	5.0	1.0
23064C	5.0	5.0	5.0	5.0	1.0
